# Data Combined from files "0_DE_Gene_FPKM.txt" and "0-DAVID_Functional_Annotation_Table.txt"
#_Carbonic_anhydrases
ID	E_38_FPKM	E_51_FPKM	C_38_FPKM	C_51_FPKM
LOC105333868-XLOC_010716-carbonic_anhydrase_14	301.472	159.15	250.773	96.568
LOC105342593-XLOC_025957-carbonic_anhydrase_2	5620.75	7581.66	3539.19	10691
LOC105327172-XLOC_008024-nacrein	124.751	241.908	111.077	952.965
LOC105335878-XLOC_033926-nacrein	425.905	228.011	109.244	320.936
LOC105322241-XLOC_018325	188.345	207.696	40.9682	727.963

# GO:0045087 ~innate immune response									
ID	E_38_FPKM	E_51_FPKM	C_38_FPKM	C_51_FPKM
LOC105323237-XLOC_031436-ankyrin_repeat_domain-containing_protein_17	364.225	1517.1	694.202	633.503
LOC105334969-XLOC_035132-ankyrin-3-like	3.15552	0	29.0979	18.1524
LOC105341397-XLOC_019388-beta-1,3-glucan-binding_protein-like	976.972	791.86	1401.09	278.83
LOC105325572-XLOC_031539-nuclear_factor_NF-kappa-B_p105_subunit	59827.3	41022.9	78090.8	53767.6
LOC105322522-XLOC_038984-peptidoglycan_recognition_protein	645.392	87.0056	341.1	195.452
LOC105324668-XLOC_000251-peptidoglycan-recognition_protein_SC2	37.208	0	29.9628	19.419
LOC105319044-XLOC_023736-p65_homolog	713.824	755.253	1086.85	413.469
LOC105330678-XLOC_035266-stimulator_of_interferon_genes_protein	46898.9	80248.9	123609	64680.3
LOC105344170-XLOC_033383-toll-like_receptor_6	178.023	116.748	203.481	57.5341
LOC105325877-XLOC_026229-tyrosine-protein_kinase_SRK2	1376.26	1011.78	1804.24	1316.98
LOC105326034-XLOC_010648	31.5298	44.744	17.7049	56.1536
LOC117692804-XLOC_008474	52.4392	104.531	90.6014	129.552

# NF-kappa-B										
ID	E_38_FPKM	E_51_FPKM	C_38_FPKM	C_51_FPKM
LOC105321335-XLOC_016535-E3_ubiquitin-protein_ligase_PDZRN3-B	140.249	114.506	92.7633	61.9287
LOC105348843-XLOC_013517-NF-kappa-B_essential_modulator	43.7218	468.452	707.685	194.651
LOC105323598-XLOC_026069-TNF_receptor-associated_factor_3	172.031	469.563	110.071	389.725
LOC105339938-XLOC_031749-ankyrin-1	257.493	217.701	486.292	294.351
LOC105331346-XLOC_005891-fibrinolytic_enzyme,_isozyme_C	657.908	101.227	463.598	43.0034
LOC105325572-XLOC_031539-nuclear_factor_NF-kappa-B_p105_subunit	59827.3	41022.9	78090.8	53767.6
LOC105339254-XLOC_021183-protein_phosphatase_1B	190.021	158.675	163.016	279.863
LOC105319044-XLOC_023736-p65_homolog	713.824	755.253	1086.85	413.469
LOC105327844-XLOC_010144	79.3391	193.083	339.939	327.123
LOC105327844-XLOC_012811	255.819	116.884	186.645	143.142

# MAPK
ID	E_38_FPKM	E_51_FPKM	C_38_FPKM	C_51_FPKM
LOC105345787-XLOC_029887-dual_specificity_mitogen-activated_protein_kinase_kinase_4	2918.49	10054.2	4278.88	5568.59
LOC105339236-XLOC_004626-dual_specificity_mitogen-activated_protein_kinase_kinase_7	991.927	1566.37	1675.12	588.34
LOC105344429-XLOC_033618-dual_specificity_protein_phosphatase_1-A	512.536	92.0909	241.615	116.521
LOC105347192-XLOC_033462-dual_specificity_protein_phosphatase_4	133.646	113.954	318.475	156.531
LOC105348544-XLOC_025555-insulin-like_peptide_receptor	6559.59	23129.8	4034.74	20174.5
LOC105339254-XLOC_021183-protein_phosphatase_1B	190.021	158.675	163.016	279.863
LOC105340117-XLOC_017860-serine/threonine-protein_kinase_3	504.624	239.442	639.019	591.117
LOC105329587-XLOC_032600-serine/threonine-protein_kinase_PAK_3	52.6963	35.5482	64.7147	86.8024
LOC105341794-XLOC_025384-sprouty-related,_EVH1_domain-containing_protein_2	544.888	484.941	1003.1	1157.23
LOC105338795-XLOC_030644-stress-activated_protein_kinase_JNK	0	360.666	0	37.9422
LOC105327844-XLOC_010144	79.3391	193.083	339.939	327.123
LOC105327844-XLOC_012811	255.819	116.884	186.645	143.142

# GO:0055085~transmembrane_transport
ID	E_38_FPKM	E_51_FPKM	C_38_FPKM	C_51_FPKM
LOC105324475-XLOC_015821-ATP-binding_cassette_sub-family_A_member_3	65.1836	398.882	0	139.165
LOC105347865-XLOC_016107-ATP-binding_cassette_sub-family_A_member_3	401.478	1057.46	316.638	566.109
LOC105347968-XLOC_016342-ATP-binding_cassette_sub-family_A_member_3	174.042	30.6425	56.0739	30.0467
LOC105347968-XLOC_016344-ATP-binding_cassette_sub-family_A_member_3	410.929	120.667	112.005	73.4809
LOC105334794-XLOC_029881-ATP-binding_cassette_sub-family_A_member_5	1023.13	393.575	2047.9	716.493
LOC105333571-XLOC_004316-P_protein	84.6979	496.596	153.015	190.496
LOC105321687-XLOC_002357-anion_exchange_protein_2	1245.15	1821.86	1195.78	1035.73
LOC105321687-XLOC_002358-anion_exchange_protein_2	248.394	166.474	85.6225	235.566
LOC105336511-XLOC_010700-aquaporin-5	52.8068	462.527	263.02	34.7734
LOC105346619-XLOC_008473-aquaporin-5	407.712	660.106	254.526	166.09
LOC105334807-XLOC_026873-aquaporin-8	98.9571	0	22.1105	0
LOC109617038-XLOC_029878-aquaporin-8	123.1	105.467	311.35	91.3745
LOC105332764-XLOC_005648-calcium-binding_mitochondrial_carrier_protein_SCaMC-2	334.087	190.806	241.085	265.552
LOC105321807-XLOC_011091-chloride_channel_protein_B-like	1459.85	1583.81	886.388	2335.99
LOC105332591-XLOC_029001-choline_transporter-like_protein_1	212.222	87.4145	228.655	109.17
LOC105322174-XLOC_005983-choline_transporter-like_protein_2	247.543	122.909	319.042	189.802
LOC105322175-XLOC_005987-choline_transporter-like_protein_2	278.993	394.448	193.477	579.967
LOC105322175-XLOC_005990-choline_transporter-like_protein_2	442.119	673.959	542.589	852.614
LOC105329418-XLOC_003195-electroneutral_sodium_bicarbonate_exchanger_1	3891.16	3192.48	5019.07	4517.86
LOC105338672-XLOC_006648-electroneutral_sodium_bicarbonate_exchanger_1	2115.44	1705.43	2490.84	2010.29
LOC105334473-XLOC_012634-high_affinity_cationic_amino_acid_transporter_1	428.667	807.458	321.277	641.962
LOC117680571-XLOC_012636-high_affinity_cationic_amino_acid_transporter_1-like	1251.12	2088.71	579.117	2607.01
LOC105319936-XLOC_034598-major_facilitator_superfamily_domain-containing_protein_1	2784.5	6604.42	2486.71	6418.04
LOC105319936-XLOC_034599-major_facilitator_superfamily_domain-containing_protein_1	205.645	210.833	229.717	358.563
LOC105325124-XLOC_026440-major_facilitator_superfamily_domain-containing_protein_1	78.4421	23.1246	18.8377	117.489
LOC105348077-XLOC_027712-major_facilitator_superfamily_domain-containing_protein_1	381.634	207.336	443.29	883.562
LOC117680447-XLOC_033598-monocarboxylate_transporter_12-like	0	83.7507	517.215	182.075
LOC105321656-XLOC_013081-multidrug_resistance-associated_protein_1	2.0254	3.80281	0	16.5603
LOC105321656-XLOC_013084-multidrug_resistance-associated_protein_1	0	0	0	14.5187
LOC105321656-XLOC_013085-multidrug_resistance-associated_protein_1	22.9358	13.3507	0	67.152
LOC105347802-XLOC_005531-multidrug_resistance-associated_protein_1	1078.21	1969.04	1061.75	755.211
LOC105337545-XLOC_007794-multidrug_resistance-associated_protein_4-like	0	462.084	70.3295	386.162
LOC105324636-XLOC_035160-organic_cation_transporter_protein	174.168	108.063	267.626	153.183
LOC105327569-XLOC_025479-organic_cation_transporter_protein	61.0233	7.96144	4.42539	0
LOC105332923-XLOC_036421-organic_cation_transporter_protein	670.567	541.6	53.0347	803.605
LOC105332926-XLOC_037510-organic_cation_transporter_protein	104773	68625.2	83263.8	47317.6
LOC105319638-XLOC_035206-oxalate:formate_antiporter	9333.71	6901.43	11244.7	6453.87
LOC105339142-XLOC_002959-patched_domain-containing_protein_3	73.2358	104.021	72.3786	167.055
LOC105322721-XLOC_002118-sodium-coupled_monocarboxylate_transporter_1	164.877	45.0248	90.5351	80.231
LOC117687250-XLOC_001896-sodium-dependent_glucose_transporter_1A-like	123.521	319.097	51.7251	61.1114
LOC105340116-XLOC_021553-sodium/calcium_exchanger_2	958.21	684.173	394.967	700.048
LOC105340116-XLOC_021562-sodium/calcium_exchanger_2	99.4046	236.935	0	18.9877
LOC105329197-XLOC_032724-solute_carrier_family_22_member_4	361.439	195.347	294.718	380.374
LOC105345908-XLOC_035160-solute_carrier_family_22_member_6-A	174.168	108.063	267.626	153.183
LOC105328747-XLOC_019008-solute_carrier_family_23_member_2	3243.39	2534.36	5998.03	1059.96
LOC105337100-XLOC_020602-sulfate_transporter	1769.61	548.071	2902.46	836.702
LOC105331179-XLOC_037578-transient_receptor_potential_cation_channel_subfamily_A_member_1_homolog	0	115.712	462.664	28.4869
LOC105323152-XLOC_028986-transient_receptor_potential_cation_channel_subfamily_A_member_1	1697.26	2206.91	4270.47	954.124
LOC105332408-XLOC_029489	103.9	36.0134	160.995	40.1528

# 0005509~calcium ion binding
ID	E_38_FPKM	E_51_FPKM	C_38_FPKM	C_51_FPKM
LOC105335651-XLOC_025331-1-phosphatidylinositol_4,5-bisphosphate_phosphodiesterase_beta-1	373.886	589.025	318.677	421.528
LOC105343409-XLOC_024747-1-phosphatidylinositol_4,5-bisphosphate_phosphodiesterase_beta-4	13.9222	0	0	146.067
LOC105343409-XLOC_024752-1-phosphatidylinositol_4,5-bisphosphate_phosphodiesterase_beta-4	28.17	211.983	345.145	182.292
LOC105342681-XLOC_020239-1-phosphatidylinositol_4,5-bisphosphate_phosphodiesterase_eta-2	570.866	344.693	837.478	524.693
LOC105337196-XLOC_031453-EF-hand_calcium-binding_domain-containing_protein_6	543.556	375.548	233.568	226.413
LOC105318104-XLOC_012379-EF-hand_domain-containing_protein_D2	1134.8	942.483	970.387	531.767
LOC105320897-XLOC_007183-FK506-binding_protein_2	1296.5	767.843	1308.24	1930.82
LOC105321540-XLOC_023383-IgGFc-binding_protein	235.93	109.679	276.048	145.921
LOC105321540-XLOC_023386-IgGFc-binding_protein	327.664	342.36	262.646	153.417
LOC105321540-XLOC_023389-IgGFc-binding_protein	207.469	296.39	371.095	234.6
LOC105332443-XLOC_016404-IgGFc-binding_protein	90.0479	0	3.23427	0
LOC117688268-XLOC_000473-NADPH_oxidase_5-like	596.465	0	89.6809	90.3609
LOC105347203-XLOC_031188-SPARC	519.272	307.504	539.046	249.764
LOC105317894-XLOC_003720-annexin_A7	187.754	152.435	150.781	102.092
LOC105348537-XLOC_026129-annexin_A7	4972.43	5942.83	4473.1	3623.39
LOC105349178-XLOC_031598-annexin_A7	793.478	801.82	1577.07	512.461
LOC105349178-XLOC_031599-annexin_A7	364.917	476.717	957.702	432.221
LOC105338532-XLOC_029521-annexin_B9	351.218	197.299	316.792	316.045
LOC105328642-XLOC_009018-basement_membrane-specific_heparan_sulfate_proteoglycan_core_protein	9805.4	9562.78	7432.77	12432
LOC105323962-XLOC_026496-cadherin-23	609.757	1233.81	733.168	983.568
LOC105328347-XLOC_026681-cadherin-23	105.561	507.273	147.329	27.9464
LOC105335506-XLOC_028547-cadherin-87A	145.014	47.3568	41.4353	137.986
LOC105341103-XLOC_027068-calcium_uptake_protein_1,_mitochondrial	360.253	435.561	230.031	280.278
LOC105332764-XLOC_005648-calcium-binding_mitochondrial_carrier_protein_SCaMC-2	334.087	190.806	241.085	265.552
LOC105328203-XLOC_004109-calcium-dependent_protein_kinase_22	253.369	64.3753	191.324	57.0997
LOC105322085-XLOC_021665-calmodulin	1946.65	1133.71	1241.59	1244.4
LOC105327998-XLOC_022523-calmodulin-A	1331.29	835.35	576.976	811.284
LOC105328000-XLOC_022522-calmodulin-A	190.928	85.4966	60.7021	93.2587
LOC105328371-XLOC_008787-calmodulin-beta	214.783	97.2375	183.858	148.557
LOC105344505-XLOC_004347-calnexin-like	163.5	212.518	132.659	216.297
LOC105344505-XLOC_004348-calnexin-like	266.875	409.614	209.259	235.469
LOC105337008-XLOC_023318-calpain-B	753.725	460.692	538.338	441.818
Crt-XLOC_028111-calreticulin(Crt)	12274.2	17058	9391.33	16554.8
LOC105342224-XLOC_038897-caltractin	25119.3	12265.6	16511.5	8388.52
LOC105333628-XLOC_018392-calumenin	851.698	713.797	552.032	966.259
LOC105336998-XLOC_023306-centrin-3	572.886	420.966	311.848	238.128
LOC105338470-XLOC_033691-cohesin_subunit_SA-1	178.216	111.11	693.301	113.843
LOC105318345-XLOC_018982-cysteine-rich_secretory_protein_LCCL_domain-containing_2	87.6224	0	18.1306	4.73953
LOC105325327-XLOC_022470-dual_oxidase_2	88.1584	157.809	90.2334	32.7433
LOC105331097-XLOC_017516-dual_oxidase	365.576	275.163	281.935	187.045
LOC105321018-XLOC_027640-eukaryotic_elongation_factor_2_kinase	38.9775	24.623	87.7204	23.112
LOC105321018-XLOC_027641-eukaryotic_elongation_factor_2_kinase	1029.98	1008.62	2442.82	797.593
LOC105321018-XLOC_027642-eukaryotic_elongation_factor_2_kinase	114.142	69.6885	266.998	77.0463
LOC105342898-XLOC_018820-extended_synaptotagmin-2	7136.15	5077.76	5197.76	3389.25
LOC105321203-XLOC_019002-fibrillin-1	515.697	2153.53	1499.56	1637.61
LOC105321203-XLOC_019003-fibrillin-1	359.626	1049.74	963.779	1577.48
LOC105338038-XLOC_024917-fibrillin-1	2566.96	1518.73	4077.76	1888.66
LOC109617191-XLOC_034280-fibrillin-2-like	98.0575	356.147	216.439	19.9143
LOC109617191-XLOC_034281-fibrillin-2-like	373.739	216.983	467.068	181.064
LOC109617191-XLOC_034284-fibrillin-2-like	492.98	98.827	603.114	338.783
LOC105334160-XLOC_000824-fibropellin-1	919.385	423.947	1313.3	805.877
LOC105326084-XLOC_032623-fibropellin-1-like	408.836	244.77	334.591	125.03
LOC105340356-XLOC_021470-follistatin-A	31.744	384.396	484.241	742.554
LOC105340356-XLOC_021471-follistatin-A	0	63.8356	389.076	414.155
LOC105331442-XLOC_016786-hemicentin-1	52.0915	46.5426	0	506.1
LOC105330710-XLOC_017744-latent-transforming_growth_factor_beta-binding_protein_1	934.354	3781.63	2866.46	3945.99
LOC105327452-XLOC_026148-leucine-rich_repeat-containing_protein_74A	1536.43	2842.3	6532.3	2327.62
LOC105348746-XLOC_005423-leucine-rich_repeat-containing_protein_74A	139.142	44.4093	87.5407	67.6283
LOC105320898-XLOC_004394-low-density_lipoprotein_receptor-related_protein_2-like	62.4861	22.4816	95.9672	56.6696
LOC105336972-XLOC_019927-low-density_lipoprotein_receptor-related_protein_4	0	9.00893	12.4109	28.6928
LOC105318458-XLOC_022115-mammalian_ependymin-related_protein_1	3815.98	1055.77	4094.69	2101.52
LOC105346089-XLOC_021884-mammalian_ependymin-related_protein_1-like	181.821	216.682	343.447	186.629
LOC105323136-XLOC_026612-microtubule-actin_cross-linking_factor_1	251.771	219.529	361.81	421.774
LOC105323136-XLOC_026618-microtubule-actin_cross-linking_factor_1	347.75	434.602	288.24	305.059
LOC105323136-XLOC_026623-microtubule-actin_cross-linking_factor_1	67.8525	115.869	74.1548	76.2533
LOC105327339-XLOC_005034-microtubule-actin_cross-linking_factor_1	838.95	434.621	918.521	365.771
LOC105327339-XLOC_005037-microtubule-actin_cross-linking_factor_1	396.97	463.365	409.558	282.449
LOC105327339-XLOC_005039-microtubule-actin_cross-linking_factor_1	498.967	473.397	522.56	299.187
LOC105342123-XLOC_032264-mitochondrial_proton/calcium_exchanger_protein	376.231	2858.11	650.301	1523.62
LOC105342123-XLOC_032265-mitochondrial_proton/calcium_exchanger_protein	80.2163	171.787	59.616	84.9192
LOC105339722-XLOC_021898-multiple_C2_and_transmembrane_domain-containing_protein_1	9747.26	11070.5	12082.7	7400.18
LOC105318502-XLOC_026279-myosin_regulatory_light_polypeptide_9	476.194	292.837	449.196	364.449
LOC105338472-XLOC_033689-myosin,_essential_light_chain,_adductor_muscle	1834.31	1060.3	2971.15	863.867
LOC105337955-XLOC_001855-neurogenic_locus_Notch_protein	268.717	43.7856	217.059	57.8106
LOC105328023-XLOC_021259-nidogen-1	719.314	300.399	402.112	400.017
LOC105323311-XLOC_028739-polycystic_kidney_disease_2-like_1_protein	1572.13	1515.25	1270.3	1287.32
LOC105346053-XLOC_019959-protein_eyes_shut	844.713	7.67215	852.209	158.863
LOC105317836-XLOC_021746-protein_jagged-1b	624.846	82.9876	151.317	320.919
LOC105335874-XLOC_004728-protocadherin_Fat_1	81.7419	72.4352	64.6944	44.7002
LOC105323183-XLOC_018434-protocadherin_Fat_3	521.833	281.737	667.44	283.928
LOC105328313-XLOC_016523-protocadherin_Fat_4	483.73	1018.95	0	213.135
LOC105346939-XLOC_031469-protocadherin_Fat_4	1345.16	2556.52	1840.17	3779.03
LOC105328219-XLOC_037052-protocadherin_Fat_4-like	105.088	242.489	117.385	192.693
LOC105347107-XLOC_002908-protocadherin_beta-15	284.38	60.111	0	392.653
LOC105319194-XLOC_026495-protocadherin-like_wing_polarity_protein_stan	95.5684	23.762	896.257	215.79
LOC105339011-XLOC_007300-putative_protocadherin_beta-18	136.315	99.6694	165.591	205.085
LOC105319166-XLOC_018547-ras_and_EF-hand_domain-containing_protein_homolog	171.293	292.554	246.353	186.02
LOC105317808-XLOC_021757-ras_guanyl-releasing_protein_3	0	75.8344	7.37343	0
LOC105334536-XLOC_038929-sarcoplasmic_calcium-binding_protein	9882.41	4664.06	12848.9	9122.52
LOC105341089-XLOC_030015-serine_protease_inhibitor_dipetalogastin	759.749	495.077	4912.96	792.849
LOC105340223-XLOC_014020-serine-aspartate_repeat-containing_protein_I	869.6	973.275	1015.61	1607.73
LOC105340223-XLOC_014026-serine-aspartate_repeat-containing_protein_I	490.715	815.65	438.984	665.359
LOC105323822-XLOC_015001-serine-rich_adhesin_for_platelets	110.845	198.789	0	19.7671
LOC105323822-XLOC_015002-serine-rich_adhesin_for_platelets	39.1563	0	7.29798	8.24441
LOC105331976-XLOC_015728-serine-rich_adhesin_for_platelets	183.103	6.71362	87.6616	49.1805
LOC105338115-XLOC_009932-synaptotagmin-1	123.383	55.417	184.853	114.411
LOC105328178-XLOC_016787-titin	27.3226	139.154	284.867	77.2367
LOC105328178-XLOC_016790-titin	38.6693	229.401	421.066	254.153
LOC105328178-XLOC_016795-titin	16.2983	98.9143	326.657	184.208
LOC117689712-XLOC_035206-translationally-controlled_tumor_protein_homolog	9333.71	6901.43	11244.7	6453.87
LOC105318017-XLOC_004110	8447.45	3705.74	8728.18	2196.59
LOC105320526-XLOC_016565	187.253	164.918	136.292	302.791
LOC105320587-XLOC_020974	61.923	18.363	21.4254	0
LOC105321242-XLOC_003360	17547.1	5910.82	17436	6309.64
LOC105321376-XLOC_029826	5063.72	2339.34	5108.85	74.8583
LOC105323679-XLOC_010420	961.913	275.27	1052.23	359.834
LOC105324594-XLOC_004116	557.739	43.1544	294.914	54.8519
LOC105325250-XLOC_000993	306.2	41.2405	911.784	58.8312
LOC105325414-XLOC_011951	1652.34	1321.15	762.94	808.652
LOC105326482-XLOC_011293	3016.32	3415.64	1259.33	1895.45
LOC105327744-XLOC_002701	93.3321	192.203	56.2984	95.1623
LOC105328124-XLOC_009861	621.836	134.778	668.921	260.433
LOC105328194-XLOC_004108	0	75.012	124.482	131.229
LOC105328221-XLOC_004110	8447.45	3705.74	8728.18	2196.59
LOC105328831-XLOC_033563	109.798	6.13303	24.8883	4.80814
LOC105332768-XLOC_018590	3253.17	3814.8	4542.01	551.784
LOC105334618-XLOC_027684	189.45	53.4162	78.2247	30.5236
LOC105334632-XLOC_030407	253.291	195.742	191.628	99.5403
LOC105335615-XLOC_010660	230.978	42.2291	142.201	50.4334
LOC105336047-XLOC_026656	607.368	610.895	3280.29	0
LOC105336473-XLOC_031675	1841.8	726.067	2367.65	1342.86
LOC105336475-XLOC_028977	1036.39	694.371	1156.32	1109.23
LOC105337853-XLOC_021365	240.961	219.828	981.048	280.714
LOC105338609-XLOC_003295	22033.8	6394.58	34144	9184.06
LOC105338610-XLOC_006193	13963.4	2541.5	12326.4	3233.94
LOC105338611-XLOC_006192	34669.9	10756.5	38527	18246.2
LOC105339995-XLOC_038003	0	29.0075	84.1498	65.7063
LOC105341028-XLOC_003066	3588.14	2123.51	4538.06	6938.66
LOC105341028-XLOC_003074	1457.81	1234.79	1958.97	188.484
LOC105342977-XLOC_038572	729.645	187.121	927.199	129.07
LOC105344582-XLOC_035076	274.999	683.76	242.816	404.16
LOC105344582-XLOC_035080	206.761	255.144	154.176	306.983
LOC105345409-XLOC_005232	186.831	24.2962	194.725	37.4715
LOC105345652-XLOC_002895	328.273	129.003	411.956	102.465
LOC105349106-XLOC_035702	1542.05	1022.88	1240.87	550.561
LOC117681096-XLOC_004110	8447.45	3705.74	8728.18	2196.59
LOC117681096-XLOC_004113	3050.71	642.07	3799.46	804.513
LOC117681097-XLOC_004113	3050.71	642.07	3799.46	804.513
LOC117684340-XLOC_017820	720.945	247.564	1147.42	916.338
LOC117688824-XLOC_023420	76.6198	552.841	105.409	191.542
LOC105339844-XLOC_030499-very_low-density_lipoprotein_receptor	1510.77	1741.19	1389.93	2242.39
LOC105344364-XLOC_004750-von_Willebrand_factor_D_and_EGF_domain-containing_protein	302.68	149.963	190.193	101.555

# KW-0106~Calcium
ID	E_38_FPKM	E_51_FPKM	C_38_FPKM	C_51_FPKM
LOC105343409-XLOC_024747-1-phosphatidylinositol_4,5-bisphosphate_phosphodiesterase_beta-4	13.9222	0	0	146.067
LOC105343409-XLOC_024752-1-phosphatidylinositol_4,5-bisphosphate_phosphodiesterase_beta-4	28.17	211.983	345.145	182.292
LOC105342681-XLOC_020239-1-phosphatidylinositol_4,5-bisphosphate_phosphodiesterase_eta-2	570.866	344.693	837.478	524.693
LOC105336114-XLOC_005643-A_disintegrin_and_metalloproteinase_with_thrombospondin_motifs_20	240.171	46.1525	123.769	24.685
LOC105333235-XLOC_015478-A_disintegrin_and_metalloproteinase_with_thrombospondin_motifs_9	182.403	1327.69	0	445.031
LOC105333235-XLOC_015481-A_disintegrin_and_metalloproteinase_with_thrombospondin_motifs_9	526.021	269.245	168.711	283.747
LOC105318104-XLOC_012379-EF-hand_domain-containing_protein_D2	1134.8	942.483	970.387	531.767
LOC105320897-XLOC_007183-FK506-binding_protein_2	1296.5	767.843	1308.24	1930.82
LOC117688268-XLOC_000473-NADPH_oxidase_5-like	596.465	0	89.6809	90.3609
LOC105347203-XLOC_031188-SPARC	519.272	307.504	539.046	249.764
LOC105342880-XLOC_037752-alpha-amylase	238.961	96.2438	431.614	290.292
LOC105348748-XLOC_002488-alpha-amylase	172.127	42.7704	203.677	126.936
LOC105348751-XLOC_002490-alpha-amylase	398.546	107.59	391.825	310.394
LOC105317894-XLOC_003720-annexin_A7	187.754	152.435	150.781	102.092
LOC105348537-XLOC_026129-annexin_A7	4972.43	5942.83	4473.1	3623.39
LOC105349178-XLOC_031598-annexin_A7	793.478	801.82	1577.07	512.461
LOC105349178-XLOC_031599-annexin_A7	364.917	476.717	957.702	432.221
LOC105338532-XLOC_029521-annexin_B9	351.218	197.299	316.792	316.045
LOC105328347-XLOC_026681-cadherin-23	105.561	507.273	147.329	27.9464
LOC105341103-XLOC_027068-calcium_uptake_protein_1,_mitochondrial	360.253	435.561	230.031	280.278
LOC105332764-XLOC_005648-calcium-binding_mitochondrial_carrier_protein_SCaMC-2	334.087	190.806	241.085	265.552
LOC105328203-XLOC_004109-calcium-dependent_protein_kinase_22	253.369	64.3753	191.324	57.0997
LOC105335066-XLOC_030351-calcium-dependent_protein_kinase_C	1512.75	1066.31	1061.6	796.557
LOC105327139-XLOC_012998-calcium-transporting_ATPase_sarcoplasmic/endoplasmic_reticulum_type	6255.28	7030.97	5976.87	8740.33
LOC105322085-XLOC_021665-calmodulin	1946.65	1133.71	1241.59	1244.4
LOC105327998-XLOC_022523-calmodulin-A	1331.29	835.35	576.976	811.284
LOC105328000-XLOC_022522-calmodulin-A	190.928	85.4966	60.7021	93.2587
LOC105328371-XLOC_008787-calmodulin-beta	214.783	97.2375	183.858	148.557
LOC105337008-XLOC_023318-calpain-B	753.725	460.692	538.338	441.818
LOC105342224-XLOC_038897-caltractin	25119.3	12265.6	16511.5	8388.52
LOC105333628-XLOC_018392-calumenin	851.698	713.797	552.032	966.259
LOC105346972-XLOC_008124-caspase-3-like	591.398	1155.21	104.355	1612.32
LOC105336998-XLOC_023306-centrin-3	572.886	420.966	311.848	238.128
LOC105335062-XLOC_014274-copine-8	385.099	198.219	0	55.138
LOC105328206-XLOC_036713-copine-9-like	50.7692	19.5728	5.4474	0
LOC105325327-XLOC_022470-dual_oxidase_2	88.1584	157.809	90.2334	32.7433
LOC105331097-XLOC_017516-dual_oxidase	365.576	275.163	281.935	187.045
LOC105334530-XLOC_036034-dystrophin	275.792	208.477	186.053	109.743
LOC105321018-XLOC_027640-eukaryotic_elongation_factor_2_kinase	38.9775	24.623	87.7204	23.112
LOC105321018-XLOC_027641-eukaryotic_elongation_factor_2_kinase	1029.98	1008.62	2442.82	797.593
LOC105321018-XLOC_027642-eukaryotic_elongation_factor_2_kinase	114.142	69.6885	266.998	77.0463
LOC105338038-XLOC_024917-fibrillin-1	2566.96	1518.73	4077.76	1888.66
LOC105337580-XLOC_003471-furin-like_protease_kpc-1	18.4988	0	19.1351	81.3342
LOC105341587-XLOC_014722-gelsolin-like_protein_2	573.661	408.15	461.37	289.601
LOC105327452-XLOC_026148-leucine-rich_repeat-containing_protein_74A	1536.43	2842.3	6532.3	2327.62
LOC105348746-XLOC_005423-leucine-rich_repeat-containing_protein_74A	139.142	44.4093	87.5407	67.6283
LOC105346875-XLOC_002277-low_affinity_vacuolar_monovalent_cation/H(+)_antiporter	266.182	140.611	142.008	210.155
LOC105333479-XLOC_032018-matrix_metalloproteinase-24	61.0417	42.7572	150.424	45.6033
LOC105323136-XLOC_026612-microtubule-actin_cross-linking_factor_1	251.771	219.529	361.81	421.774
LOC105323136-XLOC_026618-microtubule-actin_cross-linking_factor_1	347.75	434.602	288.24	305.059
LOC105323136-XLOC_026623-microtubule-actin_cross-linking_factor_1	67.8525	115.869	74.1548	76.2533
LOC105327339-XLOC_005034-microtubule-actin_cross-linking_factor_1	838.95	434.621	918.521	365.771
LOC105327339-XLOC_005037-microtubule-actin_cross-linking_factor_1	396.97	463.365	409.558	282.449
LOC105327339-XLOC_005039-microtubule-actin_cross-linking_factor_1	498.967	473.397	522.56	299.187
LOC105318502-XLOC_026279-myosin_regulatory_light_polypeptide_9	476.194	292.837	449.196	364.449
LOC105331423-XLOC_030557-pancreatic_lipase-related_protein_2	395.5	132.96	311.041	214.012
LOC105329571-XLOC_032597-pancreatic_triacylglycerol_lipase	1036.83	177.79	1360.67	309.901
LOC105320938-XLOC_021241-peptidylglycine_alpha-amidating_monooxygenase	156.891	104.004	170.366	113.337
LOC105337122-XLOC_027518-peroxidasin	267.167	367.339	195.024	484.117
LOC105337122-XLOC_027519-peroxidasin	195.932	348.634	185.858	323.391
LOC105337122-XLOC_027521-peroxidasin	389.913	330.617	220.781	364.517
LOC105323311-XLOC_028739-polycystic_kidney_disease_2-like_1_protein	1572.13	1515.25	1270.3	1287.32
LOC105321511-XLOC_013358-protein_retinal_degeneration_B	54.0935	62.013	26.4665	45.5769
LOC105323183-XLOC_018434-protocadherin_Fat_3	521.833	281.737	667.44	283.928
LOC105328313-XLOC_016523-protocadherin_Fat_4	483.73	1018.95	0	213.135
LOC105346939-XLOC_031469-protocadherin_Fat_4	1345.16	2556.52	1840.17	3779.03
LOC105347107-XLOC_002908-protocadherin_beta-15	284.38	60.111	0	392.653
LOC105319194-XLOC_026495-protocadherin-like_wing_polarity_protein_stan	95.5684	23.762	896.257	215.79
LOC105339011-XLOC_007300-putative_protocadherin_beta-18	136.315	99.6694	165.591	205.085
LOC105319166-XLOC_018547-ras_and_EF-hand_domain-containing_protein_homolog	171.293	292.554	246.353	186.02
LOC105317808-XLOC_021757-ras_guanyl-releasing_protein_3	0	75.8344	7.37343	0
LOC105345859-XLOC_014966-ryncolin-1	51.2046	305.559	197.013	249.838
LOC105334536-XLOC_038929-sarcoplasmic_calcium-binding_protein	9882.41	4664.06	12848.9	9122.52
LOC105323822-XLOC_015001-serine-rich_adhesin_for_platelets	110.845	198.789	0	19.7671
LOC105323822-XLOC_015002-serine-rich_adhesin_for_platelets	39.1563	0	7.29798	8.24441
LOC105331976-XLOC_015728-serine-rich_adhesin_for_platelets	183.103	6.71362	87.6616	49.1805
LOC105340116-XLOC_021553-sodium/calcium_exchanger_2	958.21	684.173	394.967	700.048
LOC105340116-XLOC_021562-sodium/calcium_exchanger_2	99.4046	236.935	0	18.9877
LOC105338896-XLOC_008659-stromelysin-3	103.551	76.768	47.8362	30.5789
LOC105335512-XLOC_031273-suppressor_of_tumorigenicity_14_protein_homolog	1226.46	221.095	980.203	484.688
LOC105318017-XLOC_004110	8447.45	3705.74	8728.18	2196.59
LOC105321242-XLOC_003360	17547.1	5910.82	17436	6309.64
LOC105321376-XLOC_029826	5063.72	2339.34	5108.85	74.8583
LOC105323679-XLOC_010420	961.913	275.27	1052.23	359.834
LOC105324594-XLOC_004116	557.739	43.1544	294.914	54.8519
LOC105325250-XLOC_000993	306.2	41.2405	911.784	58.8312
LOC105328124-XLOC_009861	621.836	134.778	668.921	260.433
LOC105328194-XLOC_004108	0	75.012	124.482	131.229
LOC105328221-XLOC_004110	8447.45	3705.74	8728.18	2196.59
LOC105335615-XLOC_010660	230.978	42.2291	142.201	50.4334
LOC105336047-XLOC_026656	607.368	610.895	3280.29	0
LOC105338609-XLOC_003295	22033.8	6394.58	34144	9184.06
LOC105338610-XLOC_006193	13963.4	2541.5	12326.4	3233.94
LOC105338611-XLOC_006192	34669.9	10756.5	38527	18246.2
LOC105339995-XLOC_038003	0	29.0075	84.1498	65.7063
LOC105345409-XLOC_005232	186.831	24.2962	194.725	37.4715
LOC105345652-XLOC_002895	328.273	129.003	411.956	102.465
LOC105349106-XLOC_035702	1542.05	1022.88	1240.87	550.561
LOC117681096-XLOC_004110	8447.45	3705.74	8728.18	2196.59
LOC117681096-XLOC_004113	3050.71	642.07	3799.46	804.513
LOC117681097-XLOC_004113	3050.71	642.07	3799.46	804.513
LOC105342560-XLOC_014431-voltage-dependent_calcium_channel_subunit_alpha-2/delta-2	500.677	0	381.641	51.7958
LOC105342011-XLOC_028083-zinc_metalloproteinase_nas-39-like	531.33	125.537	463.864	292.529