C_38_FPKM	C_51_FPKM	E_38_FPKM	E_51_FPKM
LOC105335651-XLOC_025331-1-phosphatidylinositol_4,5-bisphosphate_phosphodiesterase_beta-1	-0.379107533656383	0.0233244657547136	-0.149270533392489	0.505053601294154
LOC105343409-XLOC_024747-1-phosphatidylinositol_4,5-bisphosphate_phosphodiesterase_beta-4	-2.77492952363588	4.42540022627764	1.12445882099411	-2.77492952363588
LOC105343409-XLOC_024752-1-phosphatidylinositol_4,5-bisphosphate_phosphodiesterase_beta-4	1.29667253372814	0.37943984397398	-2.27214668376733	0.596034306065209
LOC105342681-XLOC_020239-1-phosphatidylinositol_4,5-bisphosphate_phosphodiesterase_eta-2	0.625982436031446	-0.0475699703360171	0.0738866385987524	-0.652299104294187
LOC105337196-XLOC_031453-EF-hand_calcium-binding_domain-containing_protein_6	-0.463302572309097	-0.507994057363281	0.751771632456341	0.219524997216032
LOC105318104-XLOC_012379-EF-hand_domain-containing_protein_D2	0.170750094662985	-0.695791360817303	0.396340827415401	0.128700438738917
LOC105320897-XLOC_007183-FK506-binding_protein_2	0.0549331529425174	0.616164242775701	0.041938106028466	-0.71303550174669
LOC105321540-XLOC_023383-IgGFc-binding_protein	0.616131209574927	-0.298964121993437	0.390456140985602	-0.707623228567094
LOC105321540-XLOC_023386-IgGFc-binding_protein	0.0181598285323723	-0.753610690166884	0.336171160412771	0.399279701221737
LOC105321540-XLOC_023389-IgGFc-binding_protein	0.45462111791487	-0.204710347399066	-0.381217020266178	0.131306249750377
LOC105332443-XLOC_016404-IgGFc-binding_protein	-0.0655535095073803	-2.14766677583956	4.36088706118649	-2.14766677583956
LOC117688268-XLOC_000473-NADPH_oxidase_5-like	0.942991266302778	0.953769419350149	3.66297485270349	-5.55973553835642
LOC105347203-XLOC_031188-SPARC	0.492090346342819	-0.614661704079967	0.438274114494606	-0.315702756757457
LOC105317894-XLOC_003720-annexin_A7	0.0569766002676371	-0.501082221642295	0.371492613077586	0.0726130082970702
LOC105348537-XLOC_026129-annexin_A7	-0.064644930550056	-0.368504228840559	0.0879987383585767	0.345150421032038
LOC105349178-XLOC_031598-annexin_A7	0.896232340348707	-0.723602255742421	-0.0938496860901434	-0.0787803985161446
LOC105349178-XLOC_031599-annexin_A7	0.885117871953918	-0.260861392062194	-0.504448127194353	-0.119808352697376
LOC105338532-XLOC_029521-annexin_B9	0.133853688726806	0.13045850636369	0.282239521123207	-0.546551716213701
LOC105328642-XLOC_009018-basement_membrane-specific_heparan_sulfate_proteoglycan_core_protein	-0.376281235783003	0.365727258124624	0.0233483220525521	-0.0127943443941767
LOC105323962-XLOC_026496-cadherin-23	-0.226993952592709	0.196386664482635	-0.492505692422236	0.523112980532311
LOC105328347-XLOC_026681-cadherin-23	0.264415776127209	-2.09292907278824	-0.212705386204679	2.04121868286571
LOC105335506-XLOC_028547-cadherin-87A	-0.920706652144355	0.790896134211525	0.862063269088371	-0.73225275115554
LOC105341103-XLOC_027068-calcium_uptake_protein_1,_mitochondrial	-0.461732549546713	-0.177822279136624	0.183190571798473	0.456364256884866
LOC105332764-XLOC_005648-calcium-binding_mitochondrial_carrier_protein_SCaMC-2	-0.0680148760218442	0.0708884407162147	0.401007150703397	-0.403880715397767
LOC105328203-XLOC_004109-calcium-dependent_protein_kinase_22	0.720068343736316	-1.00686784389861	1.12345239655722	-0.836652896394918
LOC105322085-XLOC_021665-calmodulin	-0.130154053120165	-0.126895217844579	0.518230040837333	-0.261180769872592
LOC105327998-XLOC_022523-calmodulin-A	-0.557224630987029	-0.0662499910659253	0.64760202520366	-0.0241274031507039
LOC105328000-XLOC_022522-calmodulin-A	-0.683950931881248	-0.0726447394078216	0.953222770235561	-0.196627098946491
LOC105328371-XLOC_008787-calmodulin-beta	0.248657510027734	-0.0570645323533476	0.471821240090151	-0.663414217764538
LOC105344505-XLOC_004347-calnexin-like	-0.419110645349747	0.282000625983762	-0.119580046880489	0.256690066246476
LOC105344505-XLOC_004348-calnexin-like	-0.371122790316567	-0.201639280477474	-0.0217304008415251	0.59449247163557
LOC105337008-XLOC_023318-calpain-B	0.00599334751017011	-0.278482470448756	0.49075472624877	-0.218265603310183
Crt-XLOC_028111-calreticulin(Crt)	-0.516237830869438	0.301543891027373	-0.130046303904052	0.344740243746124
LOC105342224-XLOC_038897-caltractin	0.200106597601257	-0.776791788430355	0.805401729894038	-0.228716539064937
LOC105333628-XLOC_018392-calumenin	-0.45034545394584	0.356193832245904	0.17432645754066	-0.0801748358407295
LOC105336998-XLOC_023306-centrin-3	-0.22982209079594	-0.617500903750852	0.645480208275538	0.201842786271252
LOC105338470-XLOC_033691-cohesin_subunit_SA-1	1.79510160291793	-0.800796723308506	-0.158760202729663	-0.835544676879755
LOC105318345-XLOC_018982-cysteine-rich_secretory_protein_LCCL_domain-containing_2	0.945724639259492	-0.791152975810724	3.15751391434457	-3.31208557779334
LOC105325327-XLOC_022470-dual_oxidase_2	0.167123420126051	-1.26783759090947	0.133932063858785	0.966782106924635
LOC105331097-XLOC_017516-dual_oxidase	0.0626754096808853	-0.526717297743578	0.436317090400737	0.027724797661957
LOC105321018-XLOC_027640-eukaryotic_elongation_factor_2_kinase	1.20535465812875	-0.674159889794046	0.0552770438725902	-0.586471812207292
LOC105321018-XLOC_027641-eukaryotic_elongation_factor_2_kinase	1.03351325230264	-0.580092443488864	-0.211608428695618	-0.241812380118152
LOC105321018-XLOC_027642-eukaryotic_elongation_factor_2_kinase	1.2303257370611	-0.549494353199339	0.0115176797894714	-0.692349063651228
LOC105342898-XLOC_018820-extended_synaptotagmin-2	0.0483216520604959	-0.56845424001075	0.505502190735934	0.0146303972143205
LOC105321203-XLOC_019002-fibrillin-1	0.222316723843543	0.349288241835678	-1.31579387005885	0.74418890437963
LOC105321203-XLOC_019003-fibrillin-1	0.146573550822474	0.856839121976662	-1.27312153983606	0.26970886703692
LOC105338038-XLOC_024917-fibrillin-1	0.800456854118945	-0.309547086636645	0.13294896510504	-0.623858732587337
LOC109617191-XLOC_034280-fibrillin-2-like	0.949103610745541	-2.42894549853473	-0.185168999547169	1.66501088733636
LOC109617191-XLOC_034281-fibrillin-2-like	0.696401742773716	-0.66587071158525	0.375569736101726	-0.406100767290193
LOC109617191-XLOC_034284-fibrillin-2-like	0.929473545053657	0.0992663979581749	0.639105356372271	-1.6678452993841
LOC105334160-XLOC_000824-fibropellin-1	0.711699747714954	0.00782579875462908	0.197714503724191	-0.917240050193776
LOC105326084-XLOC_032623-fibropellin-1-like	0.393497336358202	-1.01943949756621	0.68184002704354	-0.0558978658355267
LOC105340356-XLOC_021470-follistatin-A	0.901505692190375	1.51724175799511	-2.98789328562631	0.569145835440825
LOC105340356-XLOC_021471-follistatin-A	2.77665343379437	2.86654827040213	-5.83095799313769	0.187756288941183
LOC105331442-XLOC_016786-hemicentin-1	-5.07192108996575	3.91420537421352	0.658487907581043	0.49922780817119
LOC105330710-XLOC_017744-latent-transforming_growth_factor_beta-binding_protein_1	0.188898292412594	0.64987779514791	-1.42729068394324	0.588514596382737
LOC105327452-XLOC_026148-leucine-rich_repeat-containing_protein_74A	1.19396834514629	-0.294368312654989	-0.893322817372706	-0.00627721511859747
LOC105348746-XLOC_005423-leucine-rich_repeat-containing_protein_74A	0.167103359370447	-0.20043380206313	0.829580065412199	-0.796249622719515
LOC105320898-XLOC_004394-low-density_lipoprotein_receptor-related_protein_2-like	0.851676997890904	0.101991188043118	0.24062092701664	-1.19428911295066
LOC105336972-XLOC_019927-low-density_lipoprotein_receptor-related_protein_4	0.755186344057388	1.9018934292671	-2.99014780999387	0.333068036669378
LOC105318458-XLOC_022115-mammalian_ependymin-related_protein_1	0.754526750210864	-0.207460248619295	0.65285185457028	-1.19991835616185
LOC105346089-XLOC_021884-mammalian_ependymin-related_protein_1-like	0.613077323949335	-0.263321860314294	-0.300772891643908	-0.0489825719911341
LOC105323136-XLOC_026612-microtubule-actin_cross-linking_factor_1	0.254739166606617	0.475411601468306	-0.26664409930012	-0.463506668774802
LOC105323136-XLOC_026618-microtubule-actin_cross-linking_factor_1	-0.235553085900378	-0.154010374478052	0.0343730496682344	0.355190410710195
LOC105323136-XLOC_026623-microtubule-actin_cross-linking_factor_1	-0.137582561646018	-0.097851249639417	-0.263938772181143	0.499372583466575
LOC105327339-XLOC_005034-microtubule-actin_cross-linking_factor_1	0.633597760872471	-0.692405190539318	0.503018688252677	-0.444211258585833
LOC105327339-XLOC_005037-microtubule-actin_cross-linking_factor_1	0.100437511176152	-0.434059357030014	0.0555111444035905	0.278110701450268
LOC105327339-XLOC_005039-microtubule-actin_cross-linking_factor_1	0.252818844432174	-0.549674534645213	0.186296838756302	0.110558851456737
LOC105342123-XLOC_032264-mitochondrial_proton/calcium_exchanger_protein	-0.643336734007052	0.583716625762875	-1.43121293744328	1.49083304568746
LOC105342123-XLOC_032265-mitochondrial_proton/calcium_exchanger_protein	-0.60914416923533	-0.105862261892996	-0.187073518853229	0.902079949981556
LOC105339722-XLOC_021898-multiple_C2_and_transmembrane_domain-containing_protein_1	0.285823068976715	-0.421411994212139	-0.0240225676759938	0.159611492911422
LOC105318502-XLOC_026279-myosin_regulatory_light_polypeptide_9	0.208099413612809	-0.0927837390163937	0.292122078553932	-0.407437753150347
LOC105338472-XLOC_033689-myosin,_essential_light_chain,_adductor_muscle	0.990528574487186	-0.790428157884509	0.295045413626912	-0.495145830229589
LOC105337955-XLOC_001855-neurogenic_locus_Notch_protein	0.96686354976254	-0.923706872162791	1.27359146952864	-1.31674814712838
LOC105328023-XLOC_021259-nidogen-1	-0.102605445094017	-0.110122778629012	0.734839769088973	-0.522111545365945
LOC105323311-XLOC_028739-polycystic_kidney_disease_2-like_1_protein	-0.145180744062079	-0.125994277712245	0.162152636625311	0.109022385149013
LOC105346053-XLOC_019959-protein_eyes_shut	2.2622899517307	-0.15377316385393	2.2495589232263	-4.35807571110307
LOC105317836-XLOC_021746-protein_jagged-1b	-0.564880692716421	0.514740066945604	1.47385003952613	-1.42370941375532
LOC105335874-XLOC_004728-protocadherin_Fat_1	0.00750521504211754	-0.516064701790779	0.340352905696255	0.168206581052404
LOC105323183-XLOC_018434-protocadherin_Fat_3	0.706496476445235	-0.52370418869109	0.35204861195837	-0.534840899712512
LOC105328313-XLOC_016523-protocadherin_Fat_4	-6.6644242723024	1.07795253850915	2.25661329131534	3.32985844247791
LOC105346939-XLOC_031469-protocadherin_Fat_4	-0.265031144622901	0.772743699126911	-0.716804091268514	0.209091536764504
LOC105328219-XLOC_037052-protocadherin_Fat_4-like	-0.398107751136147	0.312177769709475	-0.556332569667571	0.642262551094244
LOC105347107-XLOC_002908-protocadherin_beta-15	-5.67772031694515	2.94306034576688	2.47902010423798	0.255639866940283
LOC105319194-XLOC_026495-protocadherin-like_wing_polarity_protein_stan	2.61111069527961	0.5618876321122	-0.604787498612576	-2.56821082877924
LOC105339011-XLOC_007300-putative_protocadherin_beta-18	0.174644358099715	0.481573397625316	-0.104176872745138	-0.552040882979895
LOC105319166-XLOC_018547-ras_and_EF-hand_domain-containing_protein_homolog	0.169507906852779	-0.233870929557926	-0.352199402085431	0.416562424790579
LOC105317808-XLOC_021757-ras_guanyl-releasing_protein_3	0.733443918135608	-2.33237479548095	-2.33237479548095	3.9313056728263
LOC105334536-XLOC_038929-sarcoplasmic_calcium-binding_protein	0.583640151981674	0.0895454715418147	0.204963815037972	-0.87814943856146
LOC105341089-XLOC_030015-serine_protease_inhibitor_dipetalogastin	2.15739835245127	-0.472551241700316	-0.533995324211858	-1.1508517865391
LOC105340223-XLOC_014020-serine-aspartate_repeat-containing_protein_I	-0.0942765270129442	0.567879358516057	-0.317960928977296	-0.155641902525813
LOC105340223-XLOC_014026-serine-aspartate_repeat-containing_protein_I	-0.412871679878686	0.185976895686434	-0.252500375108523	0.479395159300775
LOC105323822-XLOC_015001-serine-rich_adhesin_for_platelets	-4.70597953922094	-0.329751677728646	2.09937741310691	2.93635380384268
LOC105323822-XLOC_015002-serine-rich_adhesin_for_platelets	0.15553621329365	0.311357279674922	2.43033047373168	-2.89722396670025
LOC105331976-XLOC_015728-serine-rich_adhesin_for_platelets	0.822470034042591	0.00128748209720975	1.87660186703058	-2.70035938317038
LOC105338115-XLOC_009932-synaptotagmin-1	0.746678503985582	0.059297263939377	0.167305847055272	-0.973281614980232
LOC105328178-XLOC_016787-titin	1.55826907572891	-0.311157587339685	-1.77704939632185	0.529937907932617
LOC105328178-XLOC_016790-titin	1.25270035500011	0.526594343468189	-2.15867341587296	0.379378717404665
LOC105328178-XLOC_016795-titin	1.69498684882516	0.871946912005869	-2.5484973363986	-0.0184364244324273
LOC117689712-XLOC_035206-translationally-controlled_tumor_protein_homolog	0.443451771771677	-0.357461748853485	0.174755414120506	-0.260745437038697
LOC105318017-XLOC_004110	0.818194638494246	-1.1717292474764	0.771035182630554	-0.417500573648397
LOC105320526-XLOC_016565	-0.46861992701692	0.677211640560565	-0.0131946332918824	-0.195397080251762
LOC105320587-XLOC_020974	0.802609825267381	-3.68445198822582	2.29106356288789	0.590778600070546
LOC105321242-XLOC_003360	0.754402058601483	-0.711891560016488	0.763565042720327	-0.806075541305322
LOC105321376-XLOC_029826	1.80329783083642	-4.2705322594063	1.79049940216773	0.676735026402149
LOC105323679-XLOC_010420	0.901356549291734	-0.644056781521426	0.772013389121184	-1.02931315689149
LOC105324594-XLOC_004116	1.05826298912318	-1.34723669939799	1.97525955953581	-1.68628584926101
LOC105325250-XLOC_000993	2.48399339315519	-1.44731020629198	0.91289810606593	-1.94958129292914
LOC105325414-XLOC_011951	-0.497262359985376	-0.413419742863992	0.616589838945815	0.294092263903552
LOC105326482-XLOC_011293	-0.821935672265345	-0.232435869814205	0.437530503505595	0.616841038573956
LOC105327744-XLOC_002701	-0.804945304365611	-0.0579687554137092	-0.0856913730976441	0.948605432876967
LOC105328124-XLOC_009861	0.941357398838187	-0.416192317655977	0.836218756899399	-1.3613838380816
LOC105328194-XLOC_004108	1.90473993964253	1.98029812906918	-5.06659667906364	1.18155861035193
LOC105328221-XLOC_004110	0.818194638494246	-1.1717292474764	0.771035182630554	-0.417500573648397
LOC105328831-XLOC_033563	0.479576419787143	-1.67657567776182	2.57713612311679	-1.38013686514211
LOC105332768-XLOC_018590	0.942970625715446	-2.09589009181571	0.461611765005669	0.691307701094598
LOC105334618-XLOC_027684	0.15151049452495	-1.17800749684312	1.4169005857459	-0.390403583427728
LOC105334632-XLOC_030407	0.126723250453059	-0.811320276102386	0.527386227233666	0.157210798415662
LOC105335615-XLOC_010660	0.627321143315811	-0.84994299276385	1.3232675676403	-1.10064571819227
LOC105336047-XLOC_026656	4.13355035209684	-7.54649703726372	1.70230342218181	1.71064326298507
LOC105336473-XLOC_031675	0.720938134029543	-0.0967440530814265	0.358772600417753	-0.982966681365863
LOC105336475-XLOC_028977	0.238172930267213	0.178243686631333	0.080343472124504	-0.496760089023052
LOC105337853-XLOC_021365	1.49386293097053	-0.307699349179275	-0.527156082221718	-0.659007499569535
LOC105338609-XLOC_003295	1.23568276108335	-0.658630522160218	0.603792229153722	-1.18084446807685
LOC105338610-XLOC_006193	1.00693038081004	-0.923127309704494	1.18681541861798	-1.27061848972352
LOC105338611-XLOC_006192	0.767744665572421	-0.310487529619378	0.615562655398564	-1.07281979135161
LOC105339995-XLOC_038003	2.06719784196729	1.71501772218712	-4.34473339422322	0.562517830068813
LOC105341028-XLOC_003066	0.205386840429851	0.817858263113218	-0.133368519554462	-0.889876583988606
LOC105341028-XLOC_003074	1.11553029498224	-2.25515333941906	0.689490717231797	0.450132327205026
LOC105342977-XLOC_038572	1.37079566554589	-1.46435022769615	1.02553213351552	-0.931977571365254
LOC105344582-XLOC_035076	-0.600343702087432	0.132355243540495	-0.421473465661354	0.889461924208291
LOC105344582-XLOC_035080	-0.533253587833774	0.455691688514815	-0.112234167777525	0.189796067096482
LOC105345409-XLOC_005232	1.3395485929688	-1.00741746415901	1.28015573734698	-1.61228686615677
LOC105345652-XLOC_002895	0.997748066557265	-0.999097188404781	0.671044211748268	-0.66969508990075
LOC105349106-XLOC_035702	0.284029667861653	-0.88689213616407	0.597300319762542	0.00556214853988024
LOC117681096-XLOC_004110	0.818194638494246	-1.1717292474764	0.771035182630554	-0.417500573648397
LOC117681096-XLOC_004113	1.27946920213369	-0.958725070308773	0.962913023383786	-1.2836571552087
LOC117681097-XLOC_004113	1.27946920213369	-0.958725070308773	0.962913023383786	-1.2836571552087
LOC117684340-XLOC_017820	0.800443916961601	0.476318864808986	0.130754393664317	-1.4075171754349
LOC117688824-XLOC_023420	-0.695070281475896	0.160482721671705	-1.15019383872631	1.6847813985305
LOC105339844-XLOC_030499-very_low-density_lipoprotein_receptor	-0.283667907970482	0.405962721625805	-0.163479059261203	0.04118424560588
LOC105344364-XLOC_004750-von_Willebrand_factor_D_and_EGF_domain-containing_protein	0.142986096312483	-0.755645776548046	0.810508289765455	-0.197848609529895
